timestamps:
  login: 1390887326186
  mute: 0
  logout: 1390887101281
ipAddress: 99.8.65.63
afk: false
muted: false
ban:
  timeout: 0
logoutlocation:
  world: world
  x: 302.8746401099824
  y: 93.0
  z: 223.05013565477128
  yaw: 280.3758
  pitch: 11.715336
